Исходная матрица.
[                   11.900268                 55.997761                 78.144129                 16.637697                 11.144748 |               9784.888789   ]
[                  -98.156839                  16.41758                 45.457427                -79.115244                 45.273595 |               2491.753437   ]
[                  -41.880016                -69.682701                 56.372269                 46.936593                 60.254245 |               1457.138378   ]
[                  -46.883684                 62.186711                 42.123767                 95.915252                  -68.8115 |               7045.035276   ]
[                   68.494069                -18.289806                -91.565364                 46.124053                -80.467793 |              -7493.781316   ]


Полученные L и U матрицы:
[[ 1.          0.          0.          0.          0.        ]
 [-8.24828811  1.          0.          0.          0.        ]
 [-3.51924982  0.26633189  1.          0.          0.        ]
 [-3.93971665  0.59126093 -0.39285023  1.          0.        ]
 [ 5.75567449 -0.71208944 -0.33864402  0.13682678  1.        ]]
[[ 11.900268    55.997761    78.144129    16.637697    11.144748  ]
 [  0.         478.30324601 690.01271677  58.11727427 137.19868737]
 [  0.           0.         147.60858732  90.01032144  62.93501117]
 [  0.           0.           0.         162.46116601 -81.30054051]
 [  0.           0.           0.           0.         -14.47894186]]

Вектор решения, полученный LU методом: [11.90026667 55.99776459 78.14412412 16.63769952 11.14475348]
-1976323725.803509
Число арифметических действий при разделении матриц: 70
Число арифметических действий при решении двух уравнений: 45

Сгенерированный x: [7.86076259 1.02511989 7.44445419 1.00121234 3.94957612]
Новая матрица:
[                   11.900268                 55.997761                 78.144129                 16.637697                 11.144748 |         793.3648869390742   ]
[                  -98.156839                  16.41758                 45.457427                -79.115244                 45.273595 |       -316.75153581082105   ]
[                  -41.880016                -69.682701                 56.372269                 46.936593                 60.254245 |         303.9910117508454   ]
[                  -46.883684                 62.186711                 42.123767                 95.915252                  -68.8115 |       -166.94894416508302   ]
[                   68.494069                -18.289806                -91.565364                 46.124053                -80.467793 |       -433.62148931909894   ]

Решение, полученное с помощью LU разложения:
[7.86076259 1.02511989 7.44445419 1.00121234 3.94957612]